109051
103211
201251
204807
201685
203709
60824
82291
200087
59841
78201
191181
52951
55541
81331
56581
214259
156341
199911
217336
60301
108801
84651
66171
213031
103531
211313
93581
196907
109681
216194
201817
198715
89211
93521
102611
192591
115531
201693
188281
209839
216655
207383
100171
115771
101681
103351
88471
110941
193891
97291
81551
68761
77201
102281
153281
91411
70891
70241
92111
91171
199689
202243
59791
58971
107971
63171
62851
194945
71711
191601
216989
109081
201957
99891
200133
72601
217754
92431
98931
102091
62781
185521
61891
194717
199033
194761
190831
201631
172431
211277
66091
97201
197147
203593
88251
56051
82751
213023
198167
173361
110561
86231
92961
203805
215934
86241
59911
200663
203617
78101
195299
196847
216782
200011
55311
213579
89511
110961
68071
96771
53071
207749
104771
108331
107431
217833
115021
82451
202525
201761
66621
93431
54021
90421
74021
203529
217069
73911
196129
203973
203475
90041
101091
212185
76491
100221
201469
203315
198053
68451
217412
204957
200787
77431
177311
156191
203877
208649
79701
69011
217205
196197
155241
198351
214899
58091
177151
85931
101861
100121
52221
118751
69821
75151
66581
102421
216859
197039
196975
199821
67191
214749
199557
85881
191201
216119
81691
151261
205089
79261
81751
216500
201273
201307
85491
215451
102501
206191
121821
84821
207023
105251
106151
97181
96201
216340
52191
201319
62901
98111
217596
208005
176941
106231
185611
64111
68651
217804
52181
207223
207759
99801
153401
106991
59321
217664
150881
210681
103371
215519
71371
198123
98001
114201
94411
216773
97941
71891
202475
202673
87191
216885
60811
217597
212133
60712
197769
115261
191441
106371
60530
210425
197047
65251
203871
205483
109581
205099
187271
88801
67101
109011
83941
98591
213717
112531
206175
70171
111361
110901
198631
194965
74861
77491
156441
112021
56501
57571
114591
97381
215975
196113
217394
189361
63931
58201
195223
74841
64891
205745
198909
54911
201721
111261
53811
215768
208201
73971
97921
120241
197683
200195
208247
216112
201813
199509
56461
198665
64971
99721
195455
78691
199323
205017
210761
199227
101791
199327
187461
196973
197945
196411
108581
198395
203791
54261
61051
54331
197807
119841
213073
216026
206329
84001
55411
111921
206543
111371
54621
216440
113181
80651
110451
116171
60643
59011
216836
52361
60533
206987
67681
87971
212087
213415
103471
114501
198829
203885
116941
98181
198169
104981
201901
203935
60381
217536
190861
199981
193011
203563
59501
200099
215925
64991
93701
112731
66081
121701
201311
106221
204151
113971
111411
214667
196161
202445
215832
206493
215389
202563
212457
202127
215715
153541
199025
206629
106941
64401
215937
205229
189291
60840
215946
71701
196443
62381
214503
79981
104121
79311
216082
60637
206213
120351
215635
217635
201077
204251
216087
204731
216373
77391
215792
212371
118441
99751
189371
153511
201053
216516
77091
99681
197029
84241
212615
54181
213391
69331
206365
214291
207897
62941
196757
55161
191131
101961
79501
194819
107561
204277
217242
77681
195161
93461
61991
60561
65601
69711
204873
196649
217122
196703
208141
201769
61921
196355
107861
117741
72551
69551
176411
91191
197285
95741
95461
194687
208363
59561
196153
115191
84861
207553
56591
194815
198911
205657
212039
84221
68081
84561
110831
188331
81101
62891
93171
67251
200379
116001
206765
191431
77571
193531
102761
80821
207329
94741
210689
203175
109531
215800
199235
211027
204367
208507
203995
53211
96471
201275
78421
101061
199703
89771
199551
200707
205513
211879
60131
94021
86961
213081
215533
208251
197849
60697
82361
63021
216146
195195
81131
66501
119581
217718
121241
192111
115041
186671
70101
196303
103571
87521
57271
114541
199073
209379
58001
56711
58761
76611
153151
198473
85861
106901
52311
71461
100581
116371
216208
195755
59481
211167
63051
200621
80351
216211
103451
214755
74371
59571
95231
194775
76971
65871
212761
194643
209913
102521
62181
216303
207629
118451
187311
188221
211957
116321
200387
100191
207491
209655
203577
210857
153101
89401
201255
110591
55701
88941
82931
94921
101021
205851
202163
93711
213857
62881
205055
201853
112911
216327
60577
194889
62801
54391
217315
206147
176891
88391
210929
215624
61781
200813
196869
200455
194825
206413
94561
201191
104291
216298
117441
193651
75481
70511
62251
94551
195865
69831
211799
69131
156351
198219
199959
201517
67651
60770
112931
108741
94651
198645
215993
58801
217321
58361
200447
76211
177101
215436
199747
213851
112811
84381
203467
102261
198145
58301
198953
97141
155261
206575
64431
199007
117271
215703
200993
199971
107301
201435
210923
96881
63861
176951
76291
203715
106801
205695
107471
208003
215467
207589
191881
209439
206143
77031
57581
60579
198389
64371
214029
194753
87771
193641
215747
212547
206553
79511
64541
153381
195563
74751
195897
195751
215890
201187
216917
194431
194631
94801
69531
57461
88861
217696
53551
194931
114551
91921
204145
60804
70931
197061
201981
58311
119391
216007
214175
202693
207407
200055
123221
206969
199471
93841
65591
109591
203485
195651
65931
55611
217212
199779
58951
216877
207433
188461
93141
215577
79741
209989
199101
216412
92061
68061
65501
198181
74451
202583
93931
195725
210355
59781
204819
100621
156501
63081
85041
217802
217719
81711
119871
209689
60542
74981
196583
215882
74241
106591
213331
99221
206289
201647
198265
61721
214649
203891
93041
87581
92331
52411
206203
59091
215315
203521
204191
217063
206837
60901
71221
108081
103741
203497
69541
101101
80091
116891
155791
62281
198989
92271
68321
60829
210359
202103
207979
75791
197991
199343
211919
94591
92171
69521
116851
201699
216438
59401
112631
203831
60682
208157
216230
197073
211537
206139
59361
208117
60673
81511
102311
71391
205341
71861
141741
203787
73821
206445
216101
202513
197339
205123
76661
87781
90891
216824
102841
209253
176361
196393
105721
197207
56531
213633
205497
82611
71991
204477
208829
86771
201997
60635
202965
85571
202105
68591
202913
202353
198745
203965
216282
62701
108831
52891
216371
55691
88301
203471
150591
73781
204385
81841
195735
209711
216709
214985
195689
53251
109691
86121
93361
110711
58511
201351
69731
217089
117481
109511
65091
191561
216347
211911
61811
216166
191411
208603
205729
61151
59651
216930
216565
202571
199763
205749
195633
203543
197591
201117
191121
56151
209291
60678
74591
67901
204727
216388
216683
194501
95731
92731
116761
204479
196915
200675
216848
56741
216248
210529
110261
194963
192651
199563
210421
199083
187051
216711
64261
212337
204639
59581
100941
210939
58381
216161
197469
59451
84711
178251
86491
109671
57381
202399
199941
215683
206475
94111
68471
151501
86521
206031
215523
75121
57991
156211
196233
115081
58991
56381
176461
63661
95541
70551
150821
204811
71291
200953
58151
86891
69301
105491
208511
54831
200989
108971
65321
84291
95331
175401
213887
120461
116791
95941
173101
156171
196045
197281
216044
56601
194599
207043
173201
213667
135691
204261
201527
76871
121051
176261
114341
213837
206255
211349
203619
116591
79151
56191
208535
69751
76901
214105
195291
194581
215938
79001
97261
214621
216390
214557
205365
204317
207841
209423
93881
217726
80761
206017
60612
81701
199209
72471
60341
65841
77541
207399
204893
205665
206697
215063
64841
60526
192981
194845
206099
80251
92451
197279
213259
208281
199045
213077
118211
74551
77771
54861
213463
201885
197017
189431
194793
196701
187061
64041
56171
60709
204077
60161
201105
212733
201151
101271
58551
115201
60858
60585
56861
54171
58421
201787
85311
211441
216804
63781
210671
209713
190281
71531
217622
217631
91221
109661
84911
56881
199035
66731
100681
185681
208807
60677
99321
216559
110091
216255
211485
215777
60507
203909
203363
202145
94261
198947
216866
197869
191861
75581
190561
71511
195215
99871
97711
85601
111351
215770
196887
105301
118811
181101
113141
194595
54851
213019
213079
100891
120471
206669
205015
94341
216049
150021
108301
107821
85461
198557
81211
208181
55071
98481
107151
58541
119241
60583
108461
200013
196991
88131
216936
78801
204643
85051
213617
208191
58561
70311
209011
203371
90461
75291
99501
199463
54691
151731
195677
90161
81891
217863
90951
217710
81291
107491
214091
68181
79491
209823
217323
203573
110131
98501
118921
213809
215297
196547
216216
209089
71551
202063
207489
214035
92541
200951
155171
52491
118051
197589
60737
60981
180731
176451
55121
216889
207741
211649
206425
89661
192151
205519
53241
60654
120671
56451
216270
215742
197955
212873
89171
80981
77951
81561
203741
153521
112571
215863
191511
90401
216143
213177
216109
212131
83101
203829
198141
199231
205719
113701
61601
106031
189861
105681
67311
115641
66291
156241
66001
211305
200861
211853
67321
216597
187971
211033
206077
94281
185621
214447
196399
57501
199195
94581
92241
72351
66771
70721
201661
199725
82951
217114
202515
67891
120041
208401
73901
196231
61971
205201
204649
198779
200871
216967
156871
96131
216698
201727
198201
197177
54841
72311
197821
68801
214023
68001
108271
114561
202179
60503
216927
63091
120691
200645
216647
202279
216473
120481
66251
199693
201575
193061
203663
211575
212081
196253
97841
198179
206123
201181
113261
200363
68691
211241
52211
110551
196607
203869
60714
59871
108481
199271
75741
195957
205861
99841
213055
101301
205283
207617
118381
64961
201159
110221
95901
67811
116231
208477
212951
201127
207561
114101
200985
178281
75541
70211
65681
115271
103111
67861
203849
189961
197187
212077
194609
118871
206259
203623
86661
206939
198223
197735
204153
198669
91861
195583
206293
54541
208267
197005
202407
175391
201855
209027
118581
208353
208171
201519
216095
107051
52161
204221
207235
200835
203335
90351
69481
60845
195311
206971
198967
203561
72321
215561
97731
199123
194813
98411
202121
191691
189951
209617
193331
199565
63111
202241
102401
204771
59701
116111
199569
80331
66261
198855
192691
54661
55211
86831
194871
71101
120781
86031
73551
172771
214037
207139
61631
209521
209069
60809
60765
196219
111031
80101
197925
180111
212187
203537
53801
86861
99851
216322
113551
60687
195257
95691
88171
65671
196833
59671
112541
56661
156311
213353
214179
60834
63491
195679
198233
217074
120661
67241
215528
215433
216613
204227
209049
216616
199267
97231
96111
66321
54981
199465
204375
207467
194917
213561
198195
203191
205777
65311
70351
211929
199117
86551
88031
60798
216460
101351
101521
53371
199077
54051
205205
116441
200759
205393
58341
202453
211211
121661
201815
216331
200445
76861
201213
172411
196249
91541
95221
203455
198703
117671
96611
57151
88981
197681
209869
67711
216895
200811
214735
215217
217016
216881
212477
100411
192501
210777
199449
58691
200857
215283
172981
73321
215488
201063
93561
194031
203667
192531
202803
61471
196715
69761
91281
194719
98921
106051
82741
177701
81971
203181
102071
192721
204733
61951
199461
209263
85081
200659
191211
97431
204159
217223
155831
82381
60736
115011
212519
80911
119831
75401
217685
71151
217602
97771
60852
92371
216691
110231
210461
177071
84631
113481
201713
204789
196939
200313
196749
209129
88481
199599
205007
72641
195983
198213
120711
198177
77791
195285
103431
201535
150841
214949
105041
204095
196971
53501
93301
74961
121281
118161
72611
204559
60812
214131
194777
101011
84281
120651
78901
213009
56101
60111
63071
84111
214249
186661
212537
199507
70231
196941
208573
63401
207093
211941
52591
70881
197009
206435
199967
196943
196695
205475
202671
59381
62491
52281
58781
197045
83061
204921
73041
75041
200595
201175
216363
112981
55471
209053
214493
199393
94241
121741
152141
93751
169241
196115
88121
197981
77811
60680
198449
206411
76001
199057
207783
79381
214343
60624
209261
215101
202975
210449
194629
60666
65281
194771
215841
85911
88891
92101
208257
112451
194833
89801
199067
199201
200821
203713
63481
73761
204785
194951
54821
86381
70651
194141
212617
204821
70811
200615
217699
217343
216383
198995
85831
172401
59271
214723
198133
194795
215347
216983
216624
210453
73401
215881
78681
57701
76321
204183
201305
208671
212647
113441
66761
212903
69791
115961
215804
100641
216726
101341
203811
117591
111511
114281
87101
196273
196635
118201
204503
201081
215641
194811
104341
68171
88201
198203
58481
119151
213651
66741
200129
53541
88961
61231
208909
53391
189411
117651
198131
195231
204867
196599
81191
204765
72491
213329
154761
81051
111621
94361
53561
199135
186211
215887
150321
206121
108311
81341
68421
216768
199093
213759
72361
60911
190301
52631
215281
195779
199931
212887
194759
204683
93551
215137
60519
95991
105851
195625
203297
53011
60021
63011
214217
210855
55521
204529
196931
54781
205135
57051
60941
217182
212305
90301
81241
75091
116671
190871
58881
215489
198103
202645
57231
203187
100441
56681
83151
70331
76281
59491
100041
210875
213869
205001
77901
212053
215542
120631
198783
200761
211605
198305
114651
206403
217439
82481
217523
217550
217493
217913
85431
217501
93181
54671
217332
92411
107641
192121
214455
204259
197785
213757
212357
204605
198587
100691
60592
216217
57141
83271
75641
198045
53111
201615
75421
135711
209099
195889
214329
217506
193661
205227
199845
57811
189651
208565
193521
106541
67621
194735
188361
208875
215524
64621
213297
62751
211875
62471
93311
197889
201299
216890
195685
205291
119131
86421
60271
216532
209857
52271
109431
151781
200531
59821
56291
60865
196891
55991
199251
212003
81321
195869
203199
98191
203789
62651
216817
206149
110951
73841
169071
198597
213485
204635
115851
201439
198437
209487
57471
206461
120491
207855
115561
198003
114151
196861
200723
199367
120251
110761
198357
205935
99811
203463
202311
194907
82211
104791
93911
216283
200779
77821
100961
65641
106961
104001
53441
100591
193481
59001
208599
209739
59601
200731
70161
91141
199541
200367
210593
202099
196669
196427
208197
206479
93261
59021
207221
65121
200737
114511
64811
217225
65301
60221
199807
212469
74931
215361
210993
104591
77831
71341
217592
217367
217406
105331
93451
217616
89251
216610
217056
217299
212107
93491
205063
60741
74261
105181
57351
207247
67151
72901
217239
60521
192891
211111
81441
61961
198375
203247
200525
95141
92301
198841
59261
199357
196491
207417
187851
60881
111961
111151
187341
61451
199653
212017
211895
192051
60572
214267
203025
213773
204887
210713
110821
60735
105731
70831
203953
215730
58741
214913
151531
108541
202859
196633
186551
216299
212945
177031
206817
192621
72961
203839
101161
199857
87731
189931
86721
199769
90961
58471
178421
195597
210749
111531
214573
94861
86561
108561
84601
98991
68631
212377
196445
208221
114811
192801
58631
106571
93851
199291
202277
196805
200325
195467
213365
89311
114841
206501
211659
67411
60545
61561
89491
199253
155711
99021
196415
54241
68411
72651
201823
58661
198287
69361
58241
153371
203125
84691
211153
199649
60532
202799
55871
211893
212399
119961
177111
91241
80661
198295
198051
76421
209319
216650
195325
205653
194671
86471
200163
210339
209837
53591
100771
196383
195669
67911
215870
197063
204361
67031
203369
204043
119261
121801
177161
215729
197299
117391
119571
202585
90921
64771
115481
187781
215021
80901
194773
113341
199113
216118
197001
202587
207301
201933
111281
196791
82761
105761
212933
204167
189311
52921
71131
199549
70991
217955
217844
217554
71871
201205
200323
198433
65061
198601
211745
207725
53021
151871
196395
118741
105061
79421
172831
217106
201603
207515
58611
103091
206661
92481
62341
211569
88381
198173
210683
203851
62091
216386
73861
75071
207607
198983
82071
195035
201975
199525
83121
111821
198303
60747
109061
96271
217248
92291
108361
120951
195923
102291
198159
213225
60797
113751
65151
194843
198923
79271
199205
63391
203477
59941
216041
60991
202039
187521
198781
209933
76181
196837
60527
200991
198887
197085
215271
81871
62611
203517
199171
216468
55591
101531
88811
79471
210801
92641
216555
116091
64251
60847
95191
67111
64661
117011
112121
71721
216674
73831
209723
78711
211741
115841
196985
195775
207431
89741
70111
77251
118841
216894
195319
80321
57591
217234
156201
82531
201215
92671
63561
214933
113641
216183
112351
196377
205855
206057
55621
63701
151811
76691
211691
216972
199701
206843
209825
215437
196989
215652
195667
214205
200611
65961
196929
213607
109521
201491
196419
54271
91361
212213
215799
114161
52471
209407
177141
151701
113001
201587
86331
188501
98071
58401
198143
59471
103021
198607
63601
100231
201015
202257
60599
95061
84551
95661
71641
121481
116191
199413
54311
151441
209413
197865
92551
204127
90311
193741
60839
115211
207495
60810
202901
191801
214693
77881
106291
217155
101651
201111
177171
216548
206221
195963
208871
211985
203637
213293
71671
56691
200309
115381
207385
84201
98791
207189
77321
217006
197829
217533
217901
63501
217840
96521
217956
104971
104991
81371
217549
200829
198627
99641
216413
206215
191401
95131
107921
203881
201161
75341
212443
69461
73801
189171
195737
200711
203899
209397
82521
56001
106581
215548
60818
56991
75651
74721
202631
63571
92231
187731
198651
101621
211081
204125
180101
198763
202287
199585
179341
109341
86691
77371
202263
189911
101501
82941
175381
214775
153111
53221
199893
88631
214061
211319
215109
199161
52381
196679
214701
197037
135391
201271
76311
112921
216267
65881
106851
210523
105781
215035
104521
112721
212059
210983
62331
202449
77581
56431
211471
118601
72031
208889
79661
84121
202989
194851
54221
110041
75391
202915
102131
217061
199437
69681
180031
188181
66941
53101
199905
181381
61741
205893
212541
205577
116801
215039
121671
217062
54411
85001
195945
210807
206929
199865
211151
92351
196809
156671
204801
211571
205305
55841
77471
93131
193341
215043
209403
54641
199365
60594
177551
194559
69901
105351
58811
200775
191751
198095
57911
60853
83081
207049
208595
202677
76891
59441
198561
208767
53571
53291
204989
214101
91811
82891
78771
215867
203941
70431
111211
194823
66151
199663
72151
210955
197153
205277
204585
208091
94761
210783
105401
201291
217026
191571
216620
64091
213047
97871
60838
197107
215353
70631
205939
204813
57641
82601
65851
71491
198457
214439
150571
196305
193221
60574
203923
199805
198515
90131
216600
66311
199983
206695
93791
111681
67591
216372
197311
215461
56081
213059
209557
216963
198671
90481
208705
208421
206141
62821
204231
87171
210487
85101
107041
68401
112971
70121
55101
87841
217798
217673
56911
217353
85691
217539
217747
217399
77691
216060
203781
105111
70521
86431
63231
207521
87001
201581
216387
203021
118881
215626
201845
112261
61501
72441
87071
206957
63211
204319
67351
109211
88951
94501
207311
196803
204851
215951
203847
208285
194853
56771
212121
121371
216343
198397
118491
206937
198811
208923
197193
109041
151311
200725
215998
134661
207333
60698
205545
65651
202483
202535
208783
199633
210157
60766
120591
202217
202331
199239
173031
209375
202661
172261
215554
202813
101671
85581
88021
84421
216528
73941
66041
207165
91691
214641
205379
87721
84101
189921
81271
215367
71691
60576
216397
80931
91901
110871
196041
116251
95311
202495
206183
196369
117831
215733
53231
216552
64221
200527
212149
183881
194191
65711
212641
216746
198583
94311
200709
200483
99551
61001
200635
195811
110621
117431
89141
215527
72631
98571
94211
103881
213363
201343
200443
217230
215495
108411
216905
203687
57131
214027
201701
204223
83931
208129
52601
201883
73671
215884
215273
105321
150701
215988
204141
199047
212331
201045
57871
69491
52791
76631
204797
203403
58351
85991
202181
208839
205791
211339
214929
58641
194701
212271
191481
215085
214197
196759
201569
61241
85181
212545
70261
206315
112761
204345
65791
197287
56011
202705
60569
203525
205417
214263
86801
216480
194867
200241
64721
215798
151301
107831
97561
52461
69371
108631
196509
77281
71611
60571
60807
86321
55201
76711
205587
216345
104611
206021
204117
212293
201443
89001
202973
196771
196117
120331
217218
210695
208543
78601
101631
87481
90611
198861
210347
118701
214947
86221
52661
73741
108651
150561
77121
172991
188511
88291
90111
63891
69261
206859
214365
54681
67561
94431
202849
101851
100801
204779
153441
74321
92401
97101
82121
202543
203581
210789
111041
204735
204373
83441
207585
57831
81261
194839
203383
205237
215293
89641
115501
216582
66181
100461
199071
210739
68331
69611
192601
94131
113351
214453
99701
204655
201303
83231
75251
55371
209005
82921
214873
86701
204101
214085
207959
211253
210643
89191
215625
217485
217700
217640
84581
217340
217417
217895
217571
217982
91891
85951
217617
200959
216434
208521
217266
70911
61571
208845
199609
177571
212355
191781
192711
209877
114681
203039
199707
119281
204133
216901
214875
211711
67981
112711
216777
198885
75841
65161
66551
60703
201655
192631
215545
202501
213823
190751
92321
154001
216673
210275
116451
206313
205069
208619
115301
209867
75961
217041
216908
60619
59111
90881
89501
205585
203827
216913
114881
196901
153561
54771
216144
102241
74911
196903
213511
117311
98491
195839
115451
53771
151321
209997
92701
214219
59771
203669
194731
109761
216527
155611
177731
70051
214509
83681
197035
213107
210971
63381
113561
205327
117151
196579
209205
205831
204747
197937
204135
98971
64191
156591
206423
205567
60750
213873
209079
196529
112091
201811
96501
69651
204831
113571
64981
179981
214565
53511
112291
198741
63941
204751
212767
216806
203515
101891
73181
85131
61691
197007
100831
203647
216301
216950
202177
196313
97481
194779
196691
85401
57311
214921
216780
120971
110411
55971
96141
115811
199347
213013
205061
195645
202955
89441
200585
95501
200415
196637
211329
57861
100851
205885
95171
107751
191911
135491
65721
196193
204071
211737
214577
199999
203735
118611
63671
196923
94511
151791
176491
199173
186681
216730
197135
217135
210533
201663
208439
191291
202523
100541
88821
60817
194791
201095
196053
191921
74851
210297
201525
207381
214895
68031
73681
90871
205529
199295
54751
67691
52291
65611
207009
101391
60774
202793
95961
194967
209971
79341
205793
199085
207663
60727
55321
208725
71451
86131
198753
215087
200497
73691
201133
54091
66971
198907
89751
207487
202137
194939
196927
203265
213083
204271
60608
214861
201621
86011
216159
215049
208083
202923
117701
201533
80031
201287
214033
104161
60664
63711
199183
88271
120541
66271
199977
88851
73541
217066
70791
216679
206519
208733
200941
214901
67491
217177
207571
117971
109891
116631
69971
97391
56201
61791
57961
205937
96051
119251
199105
215503
85521
54001
106501
194909
117321
199147
65531
204445
101471
80881
53781
203271
55241
186941
56671
208699
216741
68461
72931
195903
210787
216228
194801
198863
63311
190421
206525
57391
60555
68891
56071
70451
208867
199151
59201
212509
96931
215521
60510
199947
196935
202289
60859
214271
208703
60524
215553
198993
209203
197587
53051
172251
88601
201723
96281
196123
116731
84571
57541
215025
117581
203277
216092
60860
95301
194887
215663
60722
202611
210751
177791
119941
68211
69241
77531
204303
205625
61821
214797
192681
57181
55261
187791
198425
217938
217945
217486
63651
91771
217732
78381
103771
215829
217656
153481
195809
55761
95931
180021
194691
216096
216815
85171
216220
109881
101811
208317
208189
86671
200193
153411
213417
200431
216356
185651
215879
197877
85111
54191
52141
61531
150681
198925
205335
198037
79461
95761
92751
209085
119861
62021
77231
194935
84131
66231
66401
215744
214401
60657
116821
212725
200999
208017
213599
204681
204805
194667
198705
209981
202527
209733
71261
202395
216110
87021
214945
61291
92901
113291
117071
196965
204953
199753
60573
89231
102641
208095
76271
66821
197069
196477
196613
84031
214823
215359
57981
91431
204599
87061
198619
211791
215105
205557
64331
202439
201257
200957
55941
109111
74511
196367
86531
81141
209425
206347
208605
203955
103321
201547
141291
203111
61161
111891
215587
209275
155621
61671
198081
69441
216452
72781
97471
53831
62311
216745
206539
60784
120961
55961
199345
100671
205057
54991
107941
59041
208609
203959
60738
201555
216120
77001
80751
195969
204021
213877
208835
216399
202667
98151
203055
60785
70361
211271
188171
71841
196371
55001
83921
111101
90831
78251
209029
204387
61211
105511
194933
206587
204139
85161
216070
215664
208669
68391
64651
74381
79291
60814
216402
204717
64361
58021
206833
86951
200931
91511
198281
196595
151621
207559
204763
153181
200589
61011
206109
89701
196287
216382
197331
101951
90371
204677
199513
94221
198235
115541
197999
56301
215862
152091
206835
215187
91211
208719
205711
215567
200381
180041
101741
64031
215648
60593
208133
207243
186191
215885
58221
206049
84501
197899
108791
197957
86301
96361
116101
207603
200069
198483
99781
214855
215530
67131
82861
207761
60757
213897
209157
216590
82051
88831
200141
210305
111781
206551
196603
216441
60505
60743
61041
53121
81901
54761
86311
210685
217043
214665
64271
206785
215531
58531
60582
65361
203693
200937
197913
192851
94381
197291
180071
206211
196379
68051
186221
197103
210445
205225
214413
95621
53151
216538
72721
191161
95811
66131
208019
214265
95251
118311
212563
213335
120751
57611
211369
60732
214341
198605
196261
215095
215653
208143
199487
202397
194567
150551
55651
206125
100421
199403
60171
208935
200255
75271
201639
216771
207873
200365
194673
191391
187961
195045
199705
205183
78981
58711
151711
200015
59181
201153
204777
215892
208641
214817
203771
201641
118891
212897
216833
201505
209657
200905
217125
215552
214001
194675
55911
204203
54011
72411
204955
202261
71961
116711
204475
208325
210513
216577
197987
194949
92941
67771
102081
199417
198819
212043
59341
196165
202435
103781
107191
205663
202487
68751
72941
55921
215803
53491
59921
211255
201847
196741
215235
209015
187231
92561
66031
212753
196267
60081
201461
196397
55111
205871
85791
212143
210517
200435
110861
212367
82431
206811
215155
63641
172311
199475
59691
202005
119721
97211
201915
111491
93961
203925
205635
84151
186711
115181
200655
209603
78411
217940
217409
217682
217658
217714
87911
217799
217849
217632
217675
212009
92691
60534
217976
83141
217708
217432
217500
80741
177761
215033
94471
206769
60690
210065
120201
52401
206723
205521
115071
77051
72061
105621
201711
216573
206795
194915
80731
200661
201113
86251
82251
71001
214839
106321
198109
57291
104071
195925
153141
202341
153271
211051
111721
113121
93021
73421
196099
194533
215121
84791
94631
212061
63981
114311
76371
203121
212159
194751
178601
212957
198555
153361
182171
213595
100911
60517
54871
213683
216106
85011
108621
207771
53421
62531
61581
196651
214545
193431
91271
70941
183321
195183
64941
215411
57631
92081
207447
198915
95271
202809
107881
198417
88001
206025
216547
201457
88161
215762
58891
110371
205829
81811
79621
214833
195295
156851
60541
58591
197211
210613
215417
98801
211261
88921
189661
156321
212435
90751
54031
199245
118571
115251
199281
187501
197313
216192
117411
109371
206223
60091
202595
213069
72001
60602
197775
199767
196795
96961
68371
217105
210455
108721
207031
59801
194953
196309
88791
67821
216214
151941
205147
194151
76811
194885
206489
88341
204057
203437
113401
216169
198027
200477
102301
211467
66881
203325
120161
55421
200627
61171
118771
57431
71521
215588
194737
201471
208877
211997
60842
104921
156601
208667
211551
67081
197125
110001
194591
153491
204567
117611
56281
205469
216671
206825
89281
60864
76821
105121
203441
56951
205699
203479
210621
101701
203845
112301
205847
141731
65891
197323
217038
116071
188431
216892
205573
94001
204569
191281
77441
82021
201995
215546
207835
212709
214925
210627
90171
77601
68021
209441
90851
208617
199473
177341
202697
101191
214385
215773
79071
203519
73211
215834
211333
199775
106891
88211
113161
198929
205255
202457
196551
214527
211227
198701
83741
73501
215497
90521
85441
212071
196851
74071
57331
121021
217170
80641
200001
57721
69351
121871
197675
206383
120231
216274
194551
87151
79131
202883
201743
117461
204679
119681
201483
60607
208179
52811
199179
118291
53411
191971
199443
188621
213169
205643
211743
180051
199607
70411
93381
76411
85661
109871
200605
211071
215317
203169
215994
196291
211837
75981
110731
209309
66591
200071
205921
59291
199785
71071
204029
60518
58371
178221
202755
197191
205031
71741
204193
69191
76221
86461
185561
209405
99381
96641
78021
198137
92511
204943
205717
203491
52201
65081
207125
216185
117291
194713
109261
155541
98871
70421
200505
66981
204419
150481
202139
92881
215601
83571
119731
206791
203665
60855
207331
56651
57041
199523
64731
217145
196559
204577
53431
202207
208847
189551
207211
202929
208597
196077
96681
82581
205175
57191
197915
60640
88551
96901
211509
108821
153641
70141
151861
74761
199185
102621
97051
211587
64741
210491
199583
216163
98771
211251
202531
205037
76251
197519
61931
82591
202683
89371
76921
56841
202085
196263
216800
67531
199029
202845
101841
196611
66451
119561
201449
208145
104821
192231
101291
215781
77361
74311
100431
97411
67761
208025
76021
198367
64311
72201
199799
196819
205623
207789
213933
207069
201679
196571
215801
93211
193491
83821
206333
217070
153071
195255
63611
196265
215582
65111
58731
82231
60699
60600
93941
196519
81981
173001
76081
119801
213099
203673
216493
203047
199547
215415
115751
207547
193511
97671
88901
67951
200465
73581
194803
66831
198151
197071
213205
77141
203157
74151
196909
73161
98951
89061
69431
186281
203775
216326
98651
191221
150901
216006
201805
151911
176961
55271
195729
135361
59351
201987
215916
68481
196743
199379
76621
195773
118831
216470
207197
118671
119531
216733
203793
207539
212671
63191
57091
201991
189671
209277
214377
110181
216832
198507
215586
217815
57661
217790
217619
217621
217762
217436
100501
85851
217698
217530
78011
81911
217354
217358
217398
217545
217362
205713
105271
108731
79281
217410
177781
72841
71041
210471
204571
95791
71561
215007
214203
206155
213699
204347
215721
112011
103971
119551
195855
214507
207797
71311
206867
196037
86071
98361
211041
202037
111711
103051
74171
203513
204009
216948
84771
210745
66681
196835
71361
54551
58601
217254
209435
215505
86261
201939
201167
116781
89991
52391
206307
196043
202295
74831
192791
63961
189691
207703
211141
215985
205739
216379
60705
205113
215794
216012
196315
61871
82491
196239
217166
112321
69341
207481
60801
206779
60605
217112
105801
66751
92491
196375
156361
201129
88081
213831
216954
206783
201959
111381
213977
196555
209729
217174
57751
205531
204987
93531
84841
216591
216224
64391
98211
195743
212657
82201
65261
59301
61461
60622
199871
62541
180081
108641
203269
63151
202429
203307
176371
193681
85711
56211
216491
111461
216317
104641
199109
204891
77131
206219
95071
207735
212137
203773
93591
78631
197209
74501
204209
104651
194491
139341
65861
121271
216451
186991
62461
88451
212245
191421
202219
195059
216421
111061
198877
64461
58161
109781
216921
199851
60628
92591
191071
189131
93471
74671
57841
62151
192401
199501
67061
60512
191241
66201
63791
199423
216667
207625
64341
98141
216499
203053
118421
57101
85961
195449
209791
210619
117171
198271
109141
212251
98811
90151
215805
217003
207551
60689
210045
204217
60590
216427
56421
199469
116431
98381
216922
202117
204965
180751
90341
151751
203251
205109
193781
205879
192411
96971
205569
103871
216968
198677
206655
100481
205005
204171
203557
214133
114041
217228
215494
53881
198115
215177
208979
204321
215707
216903
204849
200919
211651
62481
86101
117181
198273
84971
61541
66371
196977
114301
217255
59051
212451
217082
206919
201563
84451
199249
187301
203119
102931
191101
66061
196275
88651
215589
60799
101921
209285
206235
119621
212539
204023
82841
203399
213313
64881
208431
195867
105791
197997
187821
60676
63821
205781
215621
216851
71191
83021
56971
202505
104131
216361
195941
191461
105961
211273
59061
186181
199741
102351
200841
54061
82661
75031
194543
209039
89451
204391
87131
98581
59681
187571
69001
189211
75891
109441
199389
60706
72051
215123
197783
215904
62191
214853
204025
60756
213895
216140
55601
207837
55821
209147
90021
200687
202917
70701
61881
53951
203933
207651
112751
213157
101041
208991
95381
210995
200933
196195
97191
215547
212711
201281
208763
199603
215812
208483
87591
59991
211275
202239
206725
205853
104741
117891
62031
203971
66961
200179
202703
101211
109861
204397
216534
203123
215776
195829
196925
198345
215480
212333
215835
191741
198089
202997
200885
62231
204027
216731
202421
197141
205257
216142
204075
67281
68661
94231
86001
178611
216157
61441
74401
100561
71731
62841
52441
92021
201097
87941
202303
63261
206503
199567
60636
204941
196251
60549
207925
155271
90201
66411
82181
60695
206731
215651
195661
189811
52621
65481
194817
200853
70921
153221
197095
205223
116571
77071
81761
197907
204517
77271
91801
96371
203907
197019
201485
196417
79721
56621
215909
200893
205651
91341
196557
209159
90051
200691
205811
102211
73531
203937
200161
195241
74881
197051
55331
108441
84351
56821
99931
208729
202075
111791
57361
67461
216364
110481
215816
203233
205077
63001
211967
189851
73721
198439
200855
106611
215513
82701
215750
216933
203759
108811
89761
195837
204149
200423
113901
104421
197343
202889
102041
70601
87801
188491
57921
202637
72121
216896
204033
217123
216314
101441
207867
60776
178701
205309
90071
115591
59861
198005
200451
203575
94751
76241
198399
112781
198859
206847
72381
95421
114941
201245
204879
202079
57371
215965
71471
86211
215443
206737
205079
71931
79561
216883
199143
197729
207283
62111
216714
195287
206063
216574
211161
199937
58871
202893
87811
200085
202285
119761
95261
76741
214867
205611
215535
216735
202759
62431
55901
200697
216595
198013
63881
214159
121791
102251
201843
56371
200817
70801
202317
72391
196471
63301
215229
139041
196871
74131
205725
104221
216367
216189
96251
199371
205083
118001
70961
199489
207729
213859
206127
115461
66161
211165
202161
92921
204995
62711
54791
86361
216389
60715
105031
207339
201977
63351
212613
71111
214871
60522
210497
54511
205661
215413
198733
196361
216865
203579
215504
212425
201109
200819
200167
53041
209843
212751
83391
214047
75761
217184
216190
204645
106071
195675
217290
73751
209533
106721
202401
61121
190881
79241
205771
208027
195581
189301
203273
64321
186961
200307
195437
94121
78841
211707
60781
120931
216353
210611
198017
201381
216035
54971
60587
202935
55401
76941
118551
59631
57411
201295
62571
97271
207157
70471
216630
200523
52731
199155
62141
120361
202719
197167
205285
116921
194641
199311
60670
214123
216391
199421
66661
101001
201509
79911
215699
216498
207345
198231
208165
201653
55281
215917
102921
194961
64231
91201
70251
103701
99611
195777
110321
196949
205359
73301
189981
68861
207137
209109
213089
200277
89381
207155
199497
95671
62731
203105
68931
60749
216840
55571
104511
82271
69121
207627
211999
216180
151801
207605
210561
210639
64291
63471
101481
215608
195727
208161
216117
82301
78731
217929
217858
217946
217879
82801
217435
217528
77941
88491
214541
217972
217331
64421
217811
78401
90931
217339
215009
215779
205823
200703
211127
60702
201079
190701
199685
201993
199015
201873
54731
196105
55441
205303
61431
204187
195619
208583
198849
74561
199133
210551
152111
207563
215836
208921
68681
111631
208311
64281
176921
68231
194869
203699
216520
187431
197293
194621
195717
105021
178781
204245
207881
71781
79401
207217
205185
203103
113951
65291
66641
56871
60601
216724
118411
179901
194685
201383
211927
198579
195807
204959
107461
89921
70221
204707
205459
60721
200553
81461
214919
216608
73651
93811
199247
91701
216635
68151
59251
213943
72801
153981
115521
201171
178591
151201
83711
95371
110421
204619
215808
96181
196373
207241
199861
201733
196641
119671
198785
210195
215665
93061
196447
119521
198749
208369
104381
215671
110301
97551
216408
98201
203081
214897
201283
67421
73051
205071
203755
199297
71581
113891
60151
114621
198499
217144
198241
202199
104601
136221
187391
119541
204233
209491
206409
199399
66601
71091
86021
215053
118501
60793
202247
112391
210447
203795
102061
207021
113491
206851
98331
111661
118511
100011
199881
206567
87671
210145
79571
199665
91851
198513
106971
86051
215871
116391
198573
209751
194913
217028
211311
196789
208645
108671
72751
208825
151901
207071
194683
108531
212099
105471
207463
74661
102491
52371
205951
62301
192751
216775
200371
202493
214011
94291
216168
155201
90141
105921
199987
97701
204213
215636
216867
94811
59031
199731
99511
82631
200171
202339
215239
209017
206033
214373
95471
209771
203159
196911
201297
62581
192941
94451
56091
217035
199377
207587
200043
216063
63061
205875
215661
60841
104881
217295
86711
85821
196127
205241
89651
80241
58451
197171
61401
53351
60672
198673
173051
201335
208831
107721
83691
217227
58911
199683
212369
99271
208571
203279
212057
68341
203681
210981
97161
67231
214019
75591
205333
84941
205845
94821
104701
185671
194807
156331
90801
195261
64471
194511
108551
195769
214375
203161
60653
54721
60559
68971
207181
217036
106131
198083
202269
216066
72021
196401
204255
71011
215525
216727
203393
202409
68381
60752
209083
64851
202769
216152
84781
208423
203193
216010
107741
83701
208055
200439
213649
216215
110891
214713
87881
200109
58011
213133
203683
214297
208715
200315
204917
54561
83221
212263
82151
93341
216043
107961
97721
208121
203597
65451
81161
196755
85621
208611
96791
75021
216269
64491
216924
59541
202041
60633
73991
215772
77211
216553
79051
211817
97321
67671
113811
65181
199381
216639
200061
203257
210193
193791
55151
208173
203649
124641
86761
73811
214847
78451
202417
217110
197131
215299
113421
205293
216153
90011
216969
53381
199321
203197
215037
67841
208057
199081
194787
99291
208575
60291
198845
89301
215709
215926
107081
78931
207917
60786
75621
199019
202825
109221
98831
70391
61551
66391
82161
196981
202561
94911
121851
216253
117881
88071
202379
206921
206041
65921
59551
197897
111751
108771
115291
81881
214991
83511
208009
200417
217039
208523
96341
216640
201477
198481
82851
75161
101381
201607
203451
113431
154021
216970
216589
74391
107791
211883
86441
185541
91931
96581
72331
63251
108421
205981
204333
216907
208223
203689
52961
65731
199833
166361
99911
118631
56981
196893
207923
207103
110441
198285
200713
70401
151651
77611
55031
76381
202961
216254
111131
196109
96861
93861
198905
98431
208287
69851
95551
102971
203167
172911
208809
208015
189231
214093
73251
60708
74711
202625
55171
212005
97991
84141
200535
59281
102581
208675
199515
194601
60531
64901
207047
208443
203825
151271
211233
187861
199973
112131
63851
208841
69171
214151
56311
53961
195239
58041
108431
203691
114851
199835
118481
99921
78721
62511
192831
68841
214031
194707
208487
96211
151671
216614
60001
188241
200005
196987
211959
60835
117901
214803
207713
188761
216276
210429
206931
101241
204405
214407
95591
200649
195833
61251
172951
100401
201309
62661
94531
155761
61771
216648
202281
210203
63121
189971
199181
65621
118301
209637
192491
78511
199517
75191
205259
72671
88401
154961
204575
214543
105841
211235
112141
100571
79351
216856
200449
216677
60728
101081
196453
199837
102801
206517
200987
54651
216788
60789
75661
86141
101801
196605
209247
212277
191531
87641
203861
188261
202569
213039
216053
114401
201147
208629
62101
203979
209057
206059
84531
105381
199259
215335
214497
105661
209873
215997
203527
216203
215485
191761
96391
63131
208183
52831
63321
214863
80111
197149
202757
204089
67301
195499
215401
209181
84851
199333
63871
62871
117711
196709
206323
119971
209001
89351
84371
137351
212661
59591
78971
107391
60552
200401
94401
199027
155551
98901
208499
199369
66441
211303
57801
210139
108111
97851
204235
60598
52651
76431
90901
204775
192201
78341
106621
203985
177661
204427
203767
214419
77101
116861
197983
204991
88711
215603
52341
198365
206277
196021
214671
207609
198813
202643
215141
215680
68261
118361
85891
67181
120561
204091
215551
80371
197201
205317
91391
198251
196567
208451
77521
105861
71771
65381
153061
195249
93771
109731
95431
114951
197863
169311
206523
196905
212737
62551
60794
201719
91631
155571
214611
203239
74631
55091
69401
189871
186241
111241
156471
99661
88141
109931
89581
61081
214437
53171
202761
72741
89791
95871
207493
63761
196933
215606
217222
73331
90441
61801
214687
87831
203921
82371
119791
198815
210221
214269
194873
192581
215540
58411
197155
71301
204093
104031
101641
205321
206165
84871
208461
203833
53461
82101
207545
209999
205039
208855
214161
217244
81121
202933
213719
117751
196087
216684
120061
201543
215231
98341
60951
102861
201253
199883
103031
211783
216801
203503
215454
200735
196995
79611
89031
204247
216886
214225
104831
216447
207299
186251
201919
156491
201157
85771
205551
60748
113021
109951
194583
209071
200619
80211
202763
207025
216147
153881
208403
61381
53331
199309
112051
94571
198369
212363
99251
204701
217053
116201
60211
74791
205141
194111
98091
215686
114691
135241
65661
71121
198229
208745
192741
67331
80541
205323
155181
61491
198737
71791
52501
206343
196089
216687
84411
214371
196875
206527
115221
192931
217189
180461
213543
216191
91651
208509
199375
198767
100811
193751
108681
217128
202765
216148
206131
204557
208413
203809
61391
199951
196307
211869
121501
58901
216659
205143
60614
102691
209675
205627
195445
57551
210257
196883
82141
199167
187811
201119
68981
215713
62361
195155
77641
202885
191331
199975
194975
54881
85471
203087
112621
194799
115921
194051
87041
203145
62561
156841
217291
64611
60575
75321
65571
217133
211877
67831
70671
202225
112111
206195
119441
203823
71921
203267
215677
186861
69981
196513
60201
206803
214909
206755
110641
217633
217896
217735
217780
89241
217713
86411
217375
80941
217551
217665
212453
77451
217604
217892
217351
215814
217610
217852
217681
217771
217563
217422
217613
217460
217897
217704
80691
92251
106671
217427
217688
103301
217514
206093
217648
217098
216036
207567
207549
210017
172821
196269
210175
193771
75131
197121
212147
215847
199809
217162
195641
192131
197079
203113
203783
210889
213303
94201
196235
211735
209211
201605
216137
213963
60578
202297
199827
192161
96841
212111
216952
121351
195153
111581
107981
200689
198853
195283
212885
104411
210765
109651
91571
217282
202283
193901
156791
212979
56831
169291
62421
199751
208635
67731
91841
215840
207541
60584
199629
115701
202015
118731
215828
206753
205087
197157
214115
172801
60556
87701
85341
74811
198521
59641
200745
202267
112501
207303
195863
211195
193261
208043
69111
70661
190161
198533
202547
67991
69321
206893
72461
60629
199283
209855
62601
155651
197777
207305
204793
202747
207033
60813
91911
203929
135421
196189
82991
100091
67391
200375
151611
87551
206375
195771
92631
212857
86271
58771
204657
87741
66561
176481
217309
201953
85841
60753
209949
215181
214299
203447
107291
55021
65461
202959
92161
120221
105561
211143
60656
172871
100371
215593
91761
108291
60516
213973
72861
203079
67271
215960
216182
105991
62971
200851
54071
197093
206603
77781
198787
215125
114601
88221
86451
208765
83281
203487
209233
65951
92841
189241
215676
52821
215549
60775
98721
70271
193371
88841
195623
208999
214941
59141
199481
208383
70131
211159
69041
195165
86821
81351
78591
201675
200693
216593
71761
204195
105211
207387
111641
97221
74111
73111
74611
114421
156451
82731
80851
70621
96411
203423
213339
54481
210565
72911
70301
214747
215727
216521
196217
216546
215966
77671
211977
58281
206943
215285
215760
178271
98631
84721
53321
88721
209341
97081
62441
217152
204587
156271
192091
96731
216525
60061
63031
76481
70981
192251
198189
213865
98511
216209
205437
60717
202811
105911
210005
196365
69291
203313
213799
120091
72431
208261
102871
212675
103041
208793
94441
194733
90321
104871
206421
153451
216947
89861
215787
202173
62741
87851
198827
208199
200909
54341
207815
91441
204601
70341
77551
216602
59931
203221
198739
202545
83871
208109
199115
210793
202951
73601
194805
56411
60451
207687
188701
195259
213803
93801
196485
89421
215731
70071
198625
57421
206583
54711
216805
75801
217197
58751
198319
201021
215830
195965
191641
96301
151741
53631
77711
108241
203639
123191
201937
198469
215895
120371
103581
201597
216131
215295
208339
103861
178351
202767
101511
116931
214515
105771
202175
118941
74361
205003
204169
189351
183831
202907
102111
215493
56241
85381
77911
203927
202293
213109
72261
215169
216902
60615
195731
60862
207347
102701
212635
78671
205631
215544
213941
212705
211731
215555
83201
68791
94301
86091
202817
207089
209209
155231
105931
87541
211263
195061
119401
71831
216869
121831
202953
196095
78231
106551
198165
188711
200173
103331
210369
213249
109791
95491
59511
198581
84591
191081
66051
211135
103081
92741
111911
206585
215984
214979
205737
83471
214079
121291
217204
197317
202863
110611
117421
198333
206229
212325
208515
205381
211327
188381
215115
55141
79641
202987
196801
215897
214845
88191
75141
58331
113411
110251
215381
212199
61411
199317
66211
59811
199961
63811
58921
198383
156131
99281
215848
217059
200797
116261
152071
195219
93651
177041
205149
63221
55291
108391
205967
208211
114771
59371
187021
57121
206491
97171
205633
209817
172331
215949
208753
200965
215559
188981
113581
75611
216359
202823
216172
98821
215806
217005
59961
206711
215081
121841
197601
210797
198429
204755
106561
203963
215506
82651
200175
195269
210407
109811
98401
215737
115061
77011
211063
216951
70091
199289
187531
172841
204979
60560
202867
73191
155661
212327
207597
202271
74691
204257
214255
52761
210909
199773
102551
156621
215900
200875
196137
96991
106881
60515
202749
212151
188871
216330
207037
109001
98681
61421
66221
195611
80961
58931
209393
200799
197043
205161
204331
84301
207353
111551
56751
99901
201211
57321
200969
54581
67401
203483
68811
195513
86111
65011
80631
213447
101731
215431
208479
115831
93351
210069
62951
215083
215645
200489
104721
99581
216710
195277
58211
201565
153331
81741
211065
102961
194897
60634
204513
208365
214483
203165
54741
107501
211821
113831
65211
202871
216200
206247
214655
53721
205413
207601
203259
93501
202613
205119
193811
203653
202995
201173
196139
97001
54231
78461
198207
195317
202751
101581
212203
215795
82031
63831
196945
216014
215622
216853
216406
58941
197379
196699
204719
202299
60726
213733
58031
205163
194231
190251
105151
199217
60616
63421
215929
192671
107091
216755
198589
63531
100161
71431
62501
78941
88511
113631
202827
205355
98851
217007
199359
82171
189801
52611
217273
65471
102391
153211
207711
177461
213263
61031
190801
211069
194899
214485
105571
187601
88681
83531
113841
121361
209295
214661
199391
210201
208913
79711
203661
86791
194865
56611
215905
78501
203411
75181
216310
64711
216756
200333
213375
101591
91321
198239
109021
215797
199325
207525
203209
196947
212965
196333
67881
83751
208069
94671
197427
102201
215498
109631
99361
90541
196065
216675
205165
196451
208997
206015
210997
212649
215930
194901
74081
215961
78951
88521
215572
60788
202831
201707
205357
91561
109251
195947
214591
87601
74571
202567
216051
55041
208139
94991
104751
217281
56471
208621
88091
215512
82681
93871
72501
98471
208299
115101
199255
87161
102981
212163
216955
208375
150751
197961
60658
74271
206619
88691
215600
216820
83541
200421
217213
197341
215482
195993
106211
205129
72101
102601
111401
208679
202423
60761
113211
103721
216312
210479
101421
110111
116841
203457
64911
213385
109031
74421
57601
212971
216024
83761
60820
214155
217237
216409
207207
92051
215499
201099
70771
106421
205485
87961
82561
207665
203295
112771
58071
69741
53001
199229
65801
197841
202007
63441
196211
199869
118681
74091
212727
215963
78961
107361
58671
202837
214599
115861
151681
60011
93391
198757
64061
201441
205857
83961
95031
207267
210853
202967
56481
215889
153231
54111
205537
211507
216713
213271
196501
194565
55501
69921
81771
194615
209105
200653
59711
203171
57491
172961
208817
62671
88701
121381
217215
58851
182251
117491
155771
90411
215839
198097
200075
210207
216084
108321
89201
204273
60609
217330
216483
65631
199787
198501
206467
216734
67161
213901
207015
211693
216769
202471
213995
64931
198247
155151
206157
191381
77501
74431
202529
201355
205035
79371
83781
121751
185571
201829
216226
111001
156231
53991
106471
66801
213769
202679
63291
60931
81631
211013
187091
199839
73871
99941
215935
81781
63581
206563
208775
121161
104211
199611
202839
91601
109281
201009
204641
217018
77661
87661
213045
216056
55081
205859
200511
95051
216445
81231
59161
73731
212499
60508
60746
64561
202709
215759
84541
200613
61071
95641
72731
196511
53301
199303
187741
201317
195567
117531
155781
217045
203917
212027
200541
199791
156801
99831
215913
200897
213903
101451
216145
60777
155161
212231
195899
214547
199335
82091
199979
202209
112161
201363
208851
215055
189611
52481
207215
111011
78131
203945
66811
74921
201537
55381
195753
105231
87031
81641
102851
73891
198569
208735
211097
187441
208779
107411
215581
83371
68871
189091
210641
213519
56061
109311
208501
70441
198075
196993
206741
216057
71941
108141
76451
102451
212501
90911
196119
60509
216285
206065
212135
208319
205281
199305
187751
216002
208821
193201
205769
69061
197349
201785
206279
99231
196023
191791
205433
66631
207611
57971
213093
205137
215147
108341
98081
204301
68271
76751
86841
59331
118371
156811
215914
78611
211703
68741
64951
200699
199337
87491
66301
198015
203217
201373
216028
215057
54941
205827
67941
60828
197521
73561
196733
211377
103281
58131
213203
109741
55391
216919
84391
69771
95451
115001
76931
199237
199847
59611
111831
198609
206573
201293
192901
205727
88581
60795
52231
213541
91641
73131
195961
115941
53611
199373
203873
198765
216059
215103
108161
211979
215657
189891
81251
210873
199761
202977
102461
206417
215893
200867
216721
198917
210451
202715
201643
116911
209123
215782
84741
60667
118911
63771
71661
69081
197351
210735
183621
73351
56221
198105
112681
210235
206807
216090
63181
215151
208957
216900
190111
210961
102661
196823
209661
188811
213935
217127
207883
214009
117111
198261
208463
96091
199341
203219
57651
215061
83841
214163
90651
217071
106521
74941
198873
64451
202687
101141
205195
98351
216920
211039
199849
202033
57241
209765
215941
150581
199277
211113
187471
209851
215981
189121
202857
117401
209267
109351
217032
82241
60701
64151
215658
214237
56541
215894
200869
96951
204007
60511
207737
202403
198921
101321
194585
206079
215765
208337
213351
196523
53341
81991
211175
203189
112061
206641
205775
202905
213641
196677
99261
215845
200785
198107
200093
196433
208963
114701
76801
199203
111501
99861
201201
91161
204053
67221
60525
203435
60767
213937
212101
216633
93971
198379
216093
204099
62931
207697
205203
113761
197373
201209
60591
53091
197949
203821
204105
81171
213261
216308
80311
205477
216876
204111
187611
208533
101611
57021
65491
88411
93401
211973
89551
59741
208819
176931
96711
100781
213341
204549
216088
206693
91301
55551
83621
200783
215915
200907
61661
106791
92951
194879
203585
211461
207405
210647
212323
89091
210885
193271
216609
206773
71031
80001
206381
205217
71211
192171
207485
203293
197789
198981
95971
102991
210637
96221
199055
201057
197791
54471
54901
53161
104451
111421
217124
207291
216960
134971
212233
202327
108511
195761
210645
53621
55561
99201
216246
198427
82831
78311
217876
217496
217903
100821
65351
217785
79631
217835
217755
100311
214643
93991
217692
217377
217764
217345
217497
217529
217559
217499
217917
217388
103911
217443
93721
217921
100761
217393
217964
217856
217455
217773
217564
217537
217778
217397
217511
217615
217742
217687
86511
217359
217513
217430
86371
60796
217957
90511
217567
215508
215630
104061
217161
72951
205499
191871
200373
206701
97911
197995
215615
215427
199859
55801
203287
88371
60528
212267
216874
119171
97541
204983
208527
200763
206449
95401
108031
215133
120721
201673
206673
215866
192011
92681
217176
112991
58251
72531
209639
55891
115881
207727
209067
216958
95831
209325
110341
206159
90081
175341
206691
60734
203101
202011
113711
150871
83601
208955
187201
196873
53181
80701
66461
89601
195789
95891
215842
208563
195055
198577
108171
118151
195791
214287
212693
215942
204097
207891
112281
214173
92121
117821
70861
195763
196881
77151
52251
106121
88181
194587
198957
210519
205287
215791
197993
206645
114001
89271
107241
215640
83881
111071
213565
191661
202609
62171
54201
120381
216329
112101
94601
77921
210271
69671
102721
107251
105941
193551
60832
88051
196489
87111
207411
89681
57441
196919
91721
195975
191671
196407
189941
211557
198689
193281
76191
104531
96551
216506
63411
60544
84991
193561
84461
155681
87751
207313
215309
214145
76201
104581
65341
106391
199439
80011
102771
68821
65031
210631
201703
85651
211483
215277
55451
206113
65221
89181
186701
217141
98701
202197
216022
211885
109701
80021
197839
92501
199023
206205
210103
97831
86621
210825
202389
215279
198649
69031
199051
102031
82341
198939
207013
107141
200335
59851
197449
90551
204723
199447
121151
201003
215089
86651
203347
55641
85251
200777
196015
151851
205131
186721
196815
91101
198943
206689
107841
214157
205489
207445
172761
201289
83361
216365
216188
215821
216619
83991
56491
72541
195781
198663
215013
121431
201783
208689
54281
88281
94101
80151
216981
104621
185601
206023
112401
89021
215654
211511
209117
153871
194947
206633
215015
117541
204695
97251
107181
209187
61481
105891
196969
97621
85561
121251
74651
97881
203633
69421
206945
98641
211865
209367
63371
216742
62451
208103
216229
190461
197933
203511
214053
113741
112471
197771
217101
206949
109971
207027
104491
183821
81451
206483
206531
100071
204911
208747
78891
107211
67341
195507
60783
188961
207077
213421
110381
217001
208465
214559
198021
188081
60688
213003
71821
62921
200473
195639
60830
114251
52511
104691
217253
65421
217073
200825
196091
66851
120101
210367
177281
202691
206889
101151
200575
69811
53061
187251
200623
216549
81831
60652
100291
215982
208799
214965
79031
60558
207999
200409
68951
195535
104311
199637
101871
201725
110601
90331
70491
66541
119591
211987
68131
214245
52741
76581
59241
111311
56561
209565
212523
208655
200213
203389
113061
202737
216149
108951
153961
212195
98661
95921
115511
150921
199315
216583
187801
100471
215614
216841
195585
121511
76121
197361
109571
155891
206301
90491
217058
61831
93631
74821
202663
196439
208975
108371
205953
114761
86901
197817
208713
200911
196171
214889
54351
207827
60768
188831
94141
100081
204915
208751
192771
195509
188971
216358
197277
199587
213427
91451
110391
215425
196581
208469
115781
151601
66361
188131
199989
203223
202223
74521
57691
215073
79431
52521
210795
199737
99531
70871
61981
214787
96781
54041
60471
58191
177291
196487
215263
206035
212103
89431
84441
208279
200583
203719
141611
105291
216531
92621
70081
105501
207475
199895
74181
208801
211811
97301
88641
204137
200411
195543
189141
216377
199639
109391
98981
200749
96321
116041
53661
93481
119611
74681
57851
210191
108261
89101
60603
95161
52751
65581
92311
198471
200873
78431
60514
200221
103591
64641
177771
205249
216132
72621
55581
188841
75361
198963
213355
194647
196531
203817
191261
214521
150931
216585
82011
211209
57561
173081
212947
201341
205779
121581
102121
209389
204715
61851
106351
199433
188591
203283
119851
64351
200555
190201
52941
86941
161481
71171
214891
54371
204067
207829
63511
206541
212707
78921
60543
207911
195511
217164
213435
91461
72981
204613
195939
199997
203225
119431
202549
216872
104711
199121
199739
117851
73661
66921
60481
188721
60739
202695
101181
216122
55431
203721
197893
111741
204511
214473
150691
207477
199897
202119
198629
100331
208803
216814
83491
195545
121301
199641
207185
201731
216198
194739
198335
215470
201029
215833
96331
53671
82281
60121
198085
201475
60604
104941
81311
197781
209615
91031
204795
192421
216729
200223
210465
101361
206107
195461
60771
217134
197181
202773
116981
194651
215387
209131
212201
214525
207517
97491
214143
114081
65331
197375
199687
117631
73441
198385
206311
201091
215850
70691
214715
152081
53911
188601
213137
101031
201523
194201
205971
200557
190221
199215
197827
187041
198541
165631
212643
208717
214893
211657
216749
63521
209819
204919
208755
205707
189011
94321
113621
121001
207095
117231
73001
194697
209215
155251
59981
198041
203227
202231
195065
60692
175431
201399
203601
195649
60833
189791
214183
197627
111121
217086
78271
211481
215507
207707
188731
200177
213825
112961
103361
198899
64501
197089
216123
109831
72481
108571
69841
190761
216533
202045
195817
95781
66071
92761
111931
74251
57451
206595
193041
205743
195547
104371
217208
80801
199643
213589
198339
215474
195977
106181
198087
188441
200067
112561
74701
216071
216893
200533
195699
214257
210911
102571
118241
156661
99761
91041
200883
192431
200233
202419
103681
213323
60772
188881
103901
58501
202785
216155
91311
110291
84811
95951
59831
201349
196319
69161
114091
217231
210755
102161
109601
212385
116291
188611
203291
177081
84311
200559
195739
214317
216508
118471
205641
204073
111771
209821
206547
200983
195515
60787
189021
104141
199021
216362
209221
109241
200997
90181
204631
214579
203229
112341
210071
175471
100711
193631
88971
200493
203609
114331
86601
199743
198435
99591
214801
78301
82671
60504
188751
203343
202383
64511
216124
116561
196495
212119
202059
209091
212161
204515
150721
53261
92771
63691
100391
196289
193051
107511
211825
215597
60562
200419
195549
80811
199645
216201
56161
201047
90391
61751
53731
106191
205415
203901
60141
188451
203261
193831
205919
68201
195701
209627
91061
71061
192471
97021
205583
200235
94031
198935
210475
178021
83071
195491
188901
201667
117021
72871
215393
212209
204573
195871
191301
115551
198001
173341
206671
215623
216855
60580
195621
73521
212387
204721
208587
200805
214725
106401
211341
103151
202675
194271
215213
89321
84321
195741
86971
81571
59421
102791
56811
63431
196857
62371
54421
107131
211665
196899
107311
216783
195517
189031
104151
207109
117281
212275
98861
217014
200715
198049
203231
100741
62991
68041
83951
121891
199745
92191
196763
156431
192181
199477
216712
200181
75051
103381
213267
216125
196497
216931
216537
199867
95801
53271
199919
111991
118851
208813
79141
107541
97371
204147
195551
60806
214099
216202
73271
194755
99131
85221
70571
112581
198805
176901
100931
55191
200537
195703
201971
92361
196811
156781
91091
85871
62241
97031
106931
198215
203413
195323
213899
94041
67291
195495
188911
213979
113471
178621
72881
212211
208445
82061
187891
203211
60679
119201
201353
196345
189521
81071
201827
56331
217065
196075
61911
116361
53971
188631
202307
63271
200563
105201
81621
211001
187071
60621
201225
54431
207435
211079
203133
194905
172441
88531
204113
83311
60550
207957
200389
202517
68851
195523
189041
113671
213499
73091
56021
90251
85031
208489
195953
77651
66421
211291
60696
112371
210135
176351
88991
60596
60836
81221
201905
111171
117961
196765
99631
204773
217094
85671
214809
96891
78331
188771
200183
60744
202707
101251
216126
212169
204519
216956
84701
61281
115431
199301
194941
74291
196299
193111
215011
211839
67721
189251
94541
75991
80831
116161
205425
82351
213087
98051
200539
195711
105001
201973
215910
200895
196155
97041
211585
200253
202427
68431
188781
94071
178231
205261
199579
215550
188921
94251
75441
202801
110331
117061
216977
208447
70281
187951
203213
112151
196963
174191
216025
196347
97581
216858
213709
194797
56351
212403
90591
214737
152151
188641
195245
93761
213183
196459
194381
215221
80051
98281
204351
215724
216915
200565
190311
65821
92521
198563
209735
192701
216544
65991
203139
103011
111801
118691
192861
211775
195527
189071
75731
80671
198299
90261
195955
214601
96231
203235
195073
198761
64071
69391
186231
102441
201913
209493
54121
205543
66991
200185
75081
58271
197105
216127
105391
110161
212179
98621
215780
81961
74301
63731
209875
206631
212891
71621
196301
193131
79161
205761
211849
83591
208021
200425
69051
60808
189271
113911
110791
204685
85271
205431
216651
198099
201501
196421
79761
216897
60610
60856
114661
52851
216487
197795
92381
63341
196817
212597
196159
62271
204037
82901
60764
188791
103761
198945
216315
107161
211699
203465
68711
195501
188931
213997
75461
217148
207059
209183
203215
60681
198729
212993
205825
211903
97591
204197
83791
69251
195631
60825
202931
216227
198401
209409
212409
201107
196079
192071
116381
205493
211375
199455
87991
188651
103251
213187
194401
212089
208255
200567
203707
190341
207391
187191
63461
200943
81791
197917
203143
211777
88561
60554
207969
200403
203499
195529
197295
73121
53601
82221
60041
207573
188311
200519
203631
195673
114431
217289
216446
198451
196785
62121
96911
203993
216716
198185
120341
64571
202713
201589
216128
216937
195783
55661
200657
203801
61301
216575
112031
107661
200427
203531
195577
113931
52351
104461
199061
183471
109541
201073
217050
208559
200781
96431
106281
216653
112661
196423
216899
60611
200543
190091
81421
197799
210957
92391
201189
198225
188801
113331
120581
75281
64751
80181
78821
60536
195503
60780
188941
94271
113531
216350
216164
110351
117101
198259
98781
214551
96081
202211
195053
112201
74481
212997
100601
200459
114221
216416
65391
99451
90641
208601
78181
106511
205495
203949
188661
213775
112841
202685
101111
212091
200571
139321
81651
60625
111671
172241
212673
100021
208739
105461
199275
66021
81801
207449
60647
92711
74141
172791
100261
200405
195531
189111
113731
104241
199031
110581
155591
212307
201017
151721
205363
87681
198077
188321
200023
203241
205865
200521
65541
196121
62131
67041
68351
216290
64591
197111
201593
205235
216129
72581
215289
216945
69991
213349
110191
108861
206129
204551
216962
57531
206635
204999
216003
54801
107681
121491
104471
117571
215491
109551
201075
70641
196031
96451
188531
200091
195209
202659
100991
201507
72221
79831
108351
205947
200545
69561
95291
52901
76781
197803
207341
194877
57081
91151
62291
211623
204051
215541
67211
203427
88441
60537
200369
195505
188951
104041
86061
58581
179351
213419
196573
206173
84901
200701
195907
87501
188051
175371
213001
205051
107911
195635
114231
121811
216419
198423
56391
212431
215877
88011
60441
207685
188691
200169
112881
196483
200573
60961
105261
81661
60627
60650
92721
111851
63631
100271
71501
79021
107441
200407
195533
52241
199635
198307
196627
212321
201019
204647
191611
214633
106101
198079
200025
210159
176421
204249
216887
84041
122081
198465
99691
192261
199499
67051
198191
200211
68361
113051
197113
201595
216130
209073
98541
58441
178341
72771
153891
212193
84751
74341
196937
209889
107701
97451
88771
215612
208037
69101
76101
73371
215492
56231
109561
106301
207623
188561
202291
60720
93621
112691
210243
72251
200549
203679
190141
203051
196167
78641
107011
211639
216744
188821
103811
80561
78211
82001
87861
52931
80571
201385
81151
104331
195309
80621
74531
198743
203785
103611
200683
60724
76831
216781
85641
204981
62621
97341
66571
208175
110071
197183
204109
209483
97351
199049
206249
105811
119191
64531
84511
53741
216083
75431
205307
207529
103181
204875
106011
216443
205759
203417
207057
98761
208087
99401
207667
203099
63451
71271
214811
208385
216204
210219
206473
88421
201677
57221
71481
65101
113011
195849
197985
85301
100981
80511
207393
118521
57821
52681
209883
216774
79411
199885
68101
80231
108881
195859
217129
203547
187011
201695
79041
199041
210653
201391
205253
216586
116281
55301
214799
198977
194657
98691
92661
205221
198979
216971
203565
214319
216514
210635
201179
215399
194281
212351
207781
210563
215579
213279
213611
190031
214907
207671
54141
203425
202433
189621
207975
61641
211521
214911
54521
117781
211531
77381
197353
204703
202009
217385
217891
217391
217454
217690
217720
217561
217464
217872
217910
217433
217691
217797
217911
217524
90501
79991
217889
217916
88661
86281
217847
217767
217348
217958
217413
217770
217959
217611
81091
217702
217424
217636
79221
217942
217977
214699
217807
217866
217587
77731
88351
77761
75111
207349
94521
196643
87441
87461
207583
177711
59211
209853
209127
60831
87401
68601
75861
52171
209863
70541
197011
126641
60742
69501
185551
208241
106001
190811
87301
210309
205173
109711
95411
52331
84191
87471
109721
60665
215823
195435
175351
87371
196221
203245
209125
201333
82131
60588
102891
87251
205731
73171
215462
195081
97901
202983
58321
109991
98551
55721
87391
207511
200437
213647
60261
188571
65431
92131
82641
87261
52261
201027
195083
207745
98561
98671
198539
195063
92141
206037
87271
203163
56121
195085
198927
153501
80291
208837
203931
208987
105141
203071
199601
57711
211947
86571
203341
200639
87281
207187
99011
87421
209957
208065
87921
103121
192811
195067
60694
217088
187321
87291
212883
109461
57891
128321
207315
196141
202753
202463
194665
202919
200561
52971
200935
195069
203345
98601
191151
182181
128401
203007
82881
202467
103941
117031
89341
195071
57761
206735
121901
199141
216256
98611
87321
217044
197023
128491
208687
60763
65371
215502
60401
196213
204947
216794
60837
121911
217287
215518
214501
87351
65271
197345
196653
197025
195333
198987
99441
60411
200165
58101
87211
195075
121921
213287
87361
57511
202895
196655
197027
79791
57071
88431
120851
94781
60431
207677
203311
93781
87231
195077
121931
195293
213289
201327
199667
212243
63921
65411
96741
190961
87241
214963
195079
97891
65551
202981
198955
87381
207507
193241
199677
155851
205453
195213
84261
88311
83161
207225
87411
195279
206321
192191
88741
201545
83451
53531
200801
194937
64381
53751
91111
214107
74781
217803
